1782207762811 0.7039915919303894 0
1782207762818 0.8298319578170776 1
1782207762822 0.853151261806488 2
1782207762825 0.874369740486145 3
1782207762827 0.8880252242088318 4
1782207762830 0.8922268748283386 5
1782207762833 0.901260495185852 6
1782207762836 0.9035714268684387 7
1782207762839 0.9111344814300537 8
1782207762841 0.921848714351654 9
1782207762844 0.9191176295280457 10
1782207762847 0.9279412031173706 11
1782207762849 0.9302520751953125 12
1782207762852 0.9266806840896606 13
1782207762855 0.9271008372306824 14
