1782207762811 0.776378333568573 0
1782207762818 0.4709371030330658 1
1782207762822 0.39618024230003357 2
1782207762825 0.3566817343235016 3
1782207762827 0.32335975766181946 4
1782207762830 0.2984766364097595 5
1782207762833 0.2862529158592224 6
1782207762836 0.26408621668815613 7
1782207762839 0.2526828348636627 8
1782207762841 0.23181046545505524 9
1782207762844 0.23550376296043396 10
1782207762847 0.2172992080450058 11
1782207762849 0.2039574235677719 12
1782207762852 0.19862516224384308 13
1782207762855 0.1986701488494873 14
