1782181068881 0.7133364677429199 0
1782181068886 0.3886217176914215 1
1782181068889 0.3225931227207184 2
1782181068891 0.2921932339668274 3
1782181068892 0.2611531615257263 4
1782181068895 0.24604912102222443 5
1782181068897 0.226627916097641 6
1782181068899 0.211126446723938 7
1782181068902 0.19424644112586975 8
1782181068904 0.19055446982383728 9
1782181068908 0.18076060712337494 10
1782181068910 0.16838200390338898 11
1782181068913 0.162558451294899 12
1782181068915 0.15593141317367554 13
1782181068917 0.1408681422472 14
