1782181068881 0.7170168161392212 0
1782181068886 0.8649159669876099 1
1782181068889 0.8781512379646301 2
1782181068891 0.8970588445663452 3
1782181068892 0.901890754699707 4
1782181068895 0.9096638560295105 5
1782181068897 0.917436957359314 6
1782181068899 0.9233193397521973 7
1782181068902 0.9296218752861023 8
1782181068904 0.9344537854194641 9
1782181068908 0.936344563961029 10
1782181068910 0.9384453892707825 11
1782181068913 0.9420167803764343 12
1782181068915 0.945588231086731 13
1782181068917 0.950630247592926 14
