1782188735838 0.49768906831741333 0
1782188735838 0.7088235020637512 1
1782188735843 0.7745798230171204 2
1782188735843 0.805042028427124 3
1782188735843 0.8357142806053162 4
1782188735852 0.8409664034843445 5
1782188735855 0.8592436909675598 6
1782188735857 0.8724789619445801 7
1782188735860 0.874369740486145 8
1782188735860 0.8859243988990784 9
1782188735865 0.8945378065109253 10
1782188735865 0.8987395167350769 11
1782188735870 0.8999999761581421 12
1782188735874 0.902521014213562 13
1782188735876 0.903781533241272 14
