1782188735838 1.9800631999969482 0
1782188735838 0.889914333820343 1
1782188735843 0.6359148025512695 2
1782188735843 0.531757116317749 3
1782188735843 0.4594516158103943 4
1782188735852 0.41660773754119873 5
1782188735855 0.3794628381729126 6
1782188735857 0.3511519432067871 7
1782188735860 0.3322429060935974 8
1782188735860 0.3061639666557312 9
1782188735865 0.29194116592407227 10
1782188735865 0.27602657675743103 11
1782188735870 0.26385119557380676 12
1782188735874 0.26412683725357056 13
1782188735876 0.25176358222961426 14
