1782193690359 0.9767498970031738 0
1782193690363 0.5712165832519531 1
1782193690366 0.46226662397384644 2
1782193690369 0.4153952896595001 3
1782193690371 0.37900811433792114 4
1782193690375 0.35812556743621826 5
1782193690377 0.34110963344573975 6
1782193690379 0.3102741539478302 7
1782193690382 0.304557740688324 8
1782193690385 0.28661465644836426 9
1782193690387 0.2825997471809387 10
1782193690389 0.2730385661125183 11
1782193690392 0.2532395124435425 12
1782193690394 0.2499956339597702 13
1782193690397 0.238221675157547 14
