1782193690359 0.5924369692802429 0
1782193690363 0.7852941155433655 1
1782193690366 0.8327730894088745 2
1782193690369 0.848109245300293 3
1782193690371 0.8607142567634583 4
1782193690375 0.8705882430076599 5
1782193690377 0.8760504126548767 6
1782193690379 0.8850840330123901 7
1782193690382 0.8941176533699036 8
1782193690385 0.8951680660247803 9
1782193690387 0.894957959651947 10
1782193690389 0.8966386318206787 11
1782193690392 0.9086134433746338 12
1782193690394 0.9079831838607788 13
1782193690397 0.9117646813392639 14
